4294967279,113
4294967279,112
4294967279,111
4294967279,120
4294967279,119
4294967279,118
4294967279,117
4294967279,116
4294967279,115
4294967279,114
4294967278,329
4294967279,336
4294967278,187
4294967279,335
4294967278,186
4294967278,328
4294967278,185
4294967278,184
4294967278,183
17,4
17,3
17,2
17,1
4294967279,334
4294967278,182
4294967279,333
4294967279,128
4294967279,127
4294967279,126
4294967279,125
4294967279,124
4294967279,123
4294967279,122
4294967279,121
3,4
4294967278,13
4294967278,12
4294967278,11
4294967278,10
4294967278,9
4294967278,8
4294967278,7
4294967278,6
4294967278,5
4294967278,4
4294967279,132
4294967279,131
4294967279,130
4294967279,129
4294967279,332
4294967278,170
4294967278,327
4294967279,331
4294967278,169
4294967278,168
4294967278,326
4294967279,330
4294967278,167
4294967278,165
4294967278,162
16,6
4294967278,164
16,5
16,4
4294967278,163
16,3
16,2
16,1
4294967278,325
4294967279,329
4294967279,328
4294967279,327
4294967278,157
4294967278,156
4294967278,155
4294967278,324
4294967279,326
4294967278,154
4294967278,152
4294967278,149
15,6
4294967278,151
15,5
15,4
4294967278,150
15,2
15,1
4294967278,323
4294967294,1102
4294967294,1096
4294967279,325
4294967278,16
4294967278,15
4294967278,14
4294967278,23
4294967278,22
4294967278,21
4294967278,20
4294967278,19
4294967278,18
4294967278,17
4294967278,140
4294967294,388
4294967294,387
4294967278,139
4294967278,138
14,4
4294967279,271
14,3
14,2
14,1
4294967279,282
4294967278,281
4294967279,137
4294967278,35
4294967278,34
4294967278,33
4294967278,32
4294967278,31
4294967278,30
4294967278,29
4294967278,28
4294967278,27
4294967278,26
4294967278,25
4294967278,24
4294967279,269
4294967279,277
4294967294,1177
4294967294,170
4294967294,421
4294967294,1012
4294967294,1015
4294967294,162
4294967294,1094
4294967294,998
4294967294,389
4294967279,276
4294967279,324
4294967279,265
4294967278,322
4294967279,264
4294967279,323
4294967279,274
4294967279,262
4294967279,258
4294967279,261
13,5
13,4
4294967279,259
13,3
13,2
13,1
4294967278,37
4294967278,36
4294967279,25
4294967279,24
4294967278,321
4294967279,322
4294967279,255
4294967278,320
4294967279,273
4294967278,319
4294967279,321
4294967279,320
4294967278,257
4294967278,318
4294967278,317
4294967279,319
4294967279,22
4294967279,21
4294967279,19
4294967279,18
4294967279,17
4294967279,15
4294967279,13
4294967279,11
4294967278,316
4294967294,1001
4294967279,318
4294967278,315
4294967279,317
4294967278,314
4294967279,316
4294967278,253
4294967294,37
4294967294,40
4294967294,39
4294967294,393
4294967294,45
4294967294,43
4294967294,424
4294967278,250
4294967278,251
4294967279,315
4294967294,42
4294967278,248
4294967278,244
4294967294,89
4294967278,240
12,4
4294967278,242
12,2
12,1
4294967278,241
4294967294,97
4294967294,51
4294967294,1003
4294967294,186
4294967294,52
4294967294,76
4294967294,82
4294967294,91
4294967294,90
4294967294,87
4294967294,85
4294967294,84
4294967294,46
4294967294,114
4294967294,115
4294967278,313
4294967279,314
4294967294,83
4294967278,234
4294967278,235
4294967278,232
4294967294,1
4294967294,1179
4294967294,2
4294967294,120
4294967278,230
4294967278,231
4294967278,228
4294967278,224
4294967278,218
11,6
4294967278,222
11,5
11,4
4294967278,220
11,2
11,1
4294967278,219
4294967278,215
4294967279,313
4294967294,18
4294967294,127
4294967294,126
4294967294,20
4294967294,13
4294967294,439
4294967294,0
4294967279,312
4294967278,312
4294967279,311
3,3
4294967278,209
4294967278,311
4294967279,310
4294967278,208
4294967294,38
4294967294,36
4294967294,1175
4294967294,1018
4294967294,1176
4294967278,207
4294967278,310
4294967278,260
4294967279,309
4294967278,206
4294967278,204
10,5
4294967278,203
10,4
10,2
10,1
4294967279,308
4294967279,260
4294967278,202
4294967278,309
4294967278,0
4294967294,469
4294967294,30
4294967294,61
4294967294,1099
4294967294,22
4294967294,425
4294967278,200
4294967294,81
4294967294,17
4294967294,99
4294967294,41
4294967294,107
4294967294,470
4294967278,199
4294967294,6
4294967294,94
4294967294,96
4294967278,198
9,4
9,2
9,1
4294967279,307
4294967294,9
4294967278,197
4294967294,8
0,7
4294967294,44
4294967294,53
4294967294,1174
4294967294,29
4294967294,414
4294967294,28
4294967294,26
4294967294,86
4294967278,132
4294967278,131
4294967278,130
4294967278,129
4294967278,128
